camera_matrix:
- [1866.0892724506539, 0.0, 763.9004400067878]
- [0.0, 1859.8065108543178, 525.2282422269242]
- [0.0, 0.0, 1.0]
dist_coefs:
- [-0.4673396314753963, -0.07891423849823191, 0.0005582446489563373, -0.004171160606807162,
  2.9363234697629714]
height: 1232
rms: 0.6980317645562735
width: 1648
