camera_matrix:
- [5180.528432422425, 0.0, 1681.6249418078432]
- [0.0, 5153.103181999368, 993.012851852525]
- [0.0, 0.0, 1.0]
dist_coefs:
- [-0.6793139224581908, 2.0262735399151484, -0.017398732589065862, -0.018156513368548753,
  -9.590597977114061]
height: 1944
rms: 1.5109865253321353
width: 2592
